========== emb ===========
 -2.352736e-01 -9.661812e-02 3.893834e-01 -3.140868e-01 -4.105315e-01 -1.364491e-01 3.562431e-01 -5.681779e-01 5.260999e-01 -3.206736e-01 -2.352736e-01 -9.661812e-02 3.893834e-01 -3.140868e-01 -4.105315e-01 -1.364491e-01 3.562431e-01 -5.681779e-01 5.260999e-01 -3.206736e-01 -2.352736e-01 -9.661812e-02 3.893834e-01 -3.140868e-01 -4.105315e-01 -1.364491e-01 3.562431e-01 -5.681779e-01 5.260999e-01 -3.206736e-01
m========== emb ===========
 -2.352736e-01 -9.661812e-02 3.893834e-01 -3.140868e-01 -4.105315e-01 -1.364491e-01 3.562431e-01 -5.681779e-01 5.260999e-01 -3.206736e-01 -2.352736e-01 -9.661812e-02 3.893834e-01 -3.140868e-01 -4.105315e-01 -1.364491e-01 3.562431e-01 -5.681779e-01 5.260999e-01 -3.206736e-01 -3.575838e-01 -3.575838e-01 -1.619269e+00 1.250709e-01 -1.139907e+00 1.750416e-01 -1.619269e+00 -1.619269e+00 -1.820477e+00 1.750416e-01
o========== emb ===========
 -2.352736e-01 -9.661812e-02 3.893834e-01 -3.140868e-01 -4.105315e-01 -1.364491e-01 3.562431e-01 -5.681779e-01 5.260999e-01 -3.206736e-01 -3.575838e-01 -3.575838e-01 -1.619269e+00 1.250709e-01 -1.139907e+00 1.750416e-01 -1.619269e+00 -1.619269e+00 -1.820477e+00 1.750416e-01 -3.541872e-01 -6.737150e-01 -8.851066e-01 -1.717185e-01 -1.604528e+00 1.673160e+00 3.802880e-01 3.362930e-02 -1.925235e+00 1.421632e+00
o========== emb ===========
 -3.575838e-01 -3.575838e-01 -1.619269e+00 1.250709e-01 -1.139907e+00 1.750416e-01 -1.619269e+00 -1.619269e+00 -1.820477e+00 1.750416e-01 -3.541872e-01 -6.737150e-01 -8.851066e-01 -1.717185e-01 -1.604528e+00 1.673160e+00 3.802880e-01 3.362930e-02 -1.925235e+00 1.421632e+00 -1.044164e+00 -3.561168e-01 -1.791914e+00 2.774118e+00 8.100282e-01 -2.106851e+00 1.248073e+00 8.089315e-01 -7.141765e-01 -2.731620e-01
n========== emb ===========
 -3.541872e-01 -6.737150e-01 -8.851066e-01 -1.717185e-01 -1.604528e+00 1.673160e+00 3.802880e-01 3.362930e-02 -1.925235e+00 1.421632e+00 -1.044164e+00 -3.561168e-01 -1.791914e+00 2.774118e+00 8.100282e-01 -2.106851e+00 1.248073e+00 8.089315e-01 -7.141765e-01 -2.731620e-01 -1.044164e+00 -3.561168e-01 -1.791914e+00 2.774118e+00 8.100282e-01 -2.106851e+00 1.248073e+00 8.089315e-01 -7.141765e-01 -2.731620e-01
d========== emb ===========
 -1.044164e+00 -3.561168e-01 -1.791914e+00 2.774118e+00 8.100282e-01 -2.106851e+00 1.248073e+00 8.089315e-01 -7.141765e-01 -2.731620e-01 -1.044164e+00 -3.561168e-01 -1.791914e+00 2.774118e+00 8.100282e-01 -2.106851e+00 1.248073e+00 8.089315e-01 -7.141765e-01 -2.731620e-01 -4.333439e-01 -1.972358e+00 -1.128574e+00 -6.965957e-01 1.041789e+00 5.637549e-01 -1.433403e-01 6.713299e-01 -4.514308e-01 -1.472848e+00
.
========== emb ===========
 -2.352736e-01 -9.661812e-02 3.893834e-01 -3.140868e-01 -4.105315e-01 -1.364491e-01 3.562431e-01 -5.681779e-01 5.260999e-01 -3.206736e-01 -2.352736e-01 -9.661812e-02 3.893834e-01 -3.140868e-01 -4.105315e-01 -1.364491e-01 3.562431e-01 -5.681779e-01 5.260999e-01 -3.206736e-01 -2.352736e-01 -9.661812e-02 3.893834e-01 -3.140868e-01 -4.105315e-01 -1.364491e-01 3.562431e-01 -5.681779e-01 5.260999e-01 -3.206736e-01
r========== emb ===========
 -2.352736e-01 -9.661812e-02 3.893834e-01 -3.140868e-01 -4.105315e-01 -1.364491e-01 3.562431e-01 -5.681779e-01 5.260999e-01 -3.206736e-01 -2.352736e-01 -9.661812e-02 3.893834e-01 -3.140868e-01 -4.105315e-01 -1.364491e-01 3.562431e-01 -5.681779e-01 5.260999e-01 -3.206736e-01 -2.157324e-01 -7.427273e-01 2.628696e-01 -4.433531e-01 -4.221514e-01 1.336743e+00 2.065342e+00 1.501326e+00 -2.641023e-01 1.516609e-01
e========== emb ===========
 -2.352736e-01 -9.661812e-02 3.893834e-01 -3.140868e-01 -4.105315e-01 -1.364491e-01 3.562431e-01 -5.681779e-01 5.260999e-01 -3.206736e-01 -2.157324e-01 -7.427273e-01 2.628696e-01 -4.433531e-01 -4.221514e-01 1.336743e+00 2.065342e+00 1.501326e+00 -2.641023e-01 1.516609e-01 4.908885e-01 -8.130641e-02 1.158047e-01 -2.531803e-01 4.927622e-01 -7.555304e-01 -3.899681e-01 -3.999476e-01 -2.702166e+00 -6.362887e-01
e========== emb ===========
 -2.157324e-01 -7.427273e-01 2.628696e-01 -4.433531e-01 -4.221514e-01 1.336743e+00 2.065342e+00 1.501326e+00 -2.641023e-01 1.516609e-01 4.908885e-01 -8.130641e-02 1.158047e-01 -2.531803e-01 4.927622e-01 -7.555304e-01 -3.899681e-01 -3.999476e-01 -2.702166e+00 -6.362887e-01 1.734164e+00 -7.737091e-01 -3.993326e-01 4.086933e-01 1.650393e-01 -8.856126e-01 2.457838e-01 -8.393081e-01 3.324197e-01 8.618179e-01
u========== emb ===========
 4.908885e-01 -8.130641e-02 1.158047e-01 -2.531803e-01 4.927622e-01 -7.555304e-01 -3.899681e-01 -3.999476e-01 -2.702166e+00 -6.362887e-01 1.734164e+00 -7.737091e-01 -3.993326e-01 4.086933e-01 1.650393e-01 -8.856126e-01 2.457838e-01 -8.393081e-01 3.324197e-01 8.618179e-01 1.734164e+00 -7.737091e-01 -3.993326e-01 4.086933e-01 1.650393e-01 -8.856126e-01 2.457838e-01 -8.393081e-01 3.324197e-01 8.618179e-01
a========== emb ===========
 1.734164e+00 -7.737091e-01 -3.993326e-01 4.086933e-01 1.650393e-01 -8.856126e-01 2.457838e-01 -8.393081e-01 3.324197e-01 8.618179e-01 1.734164e+00 -7.737091e-01 -3.993326e-01 4.086933e-01 1.650393e-01 -8.856126e-01 2.457838e-01 -8.393081e-01 3.324197e-01 8.618179e-01 -2.063230e-01 -4.702978e-01 -1.610712e+00 -1.106867e+00 1.088157e+00 -1.416586e+00 2.827697e+00 -1.135617e-01 4.826547e-01 1.419687e+00
 
 
 
 
tensor([[-0.235276, -0.096613,  0.389382, -0.314090, -0.410532, -0.136446,
          0.356242, -0.568180,  0.526101, -0.320675, -0.235276, -0.096613,
          0.389382, -0.314090, -0.410532, -0.136446,  0.356242, -0.568180,
          0.526101, -0.320675, -0.235276, -0.096613,  0.389382, -0.314090,
         -0.410532, -0.136446,  0.356242, -0.568180,  0.526101, -0.320675]],
       grad_fn=<ViewBackward0>)
tensor([[-0.235276, -0.096613,  0.389382, -0.314090, -0.410532, -0.136446,
          0.356242, -0.568180,  0.526101, -0.320675, -0.235276, -0.096613,
          0.389382, -0.314090, -0.410532, -0.136446,  0.356242, -0.568180,
          0.526101, -0.320675, -0.354181, -0.673726, -0.885111, -0.171724,
         -1.604535,  1.673168,  0.380290,  0.033630, -1.925239,  1.421636]],
       grad_fn=<ViewBackward0>)
tensor([[-0.235276, -0.096613,  0.389382, -0.314090, -0.410532, -0.136446,
          0.356242, -0.568180,  0.526101, -0.320675, -0.354181, -0.673726,
         -0.885111, -0.171724, -1.604535,  1.673168,  0.380290,  0.033630,
         -1.925239,  1.421636,  0.235681, -0.033089,  0.430211,  0.010818,
          1.331161,  1.236672, -0.702538, -0.751374,  0.246707,  1.352647]],
       grad_fn=<ViewBackward0>)
tensor([[-0.354181, -0.673726, -0.885111, -0.171724, -1.604535,  1.673168,
          0.380290,  0.033630, -1.925239,  1.421636,  0.235681, -0.033089,
          0.430211,  0.010818,  1.331161,  1.236672, -0.702538, -0.751374,
          0.246707,  1.352647,  0.784069, -0.716709, -0.373162,  2.323146,
          0.163177, -0.071679, -0.496122,  1.482378, -0.018856,  1.539665]],
       grad_fn=<ViewBackward0>)
tensor([[ 0.235681, -0.033089,  0.430211,  0.010818,  1.331161,  1.236672,
         -0.702538, -0.751374,  0.246707,  1.352647,  0.784069, -0.716709,
         -0.373162,  2.323146,  0.163177, -0.071679, -0.496122,  1.482378,
         -0.018856,  1.539665,  0.235681, -0.033089,  0.430211,  0.010818,
          1.331161,  1.236672, -0.702538, -0.751374,  0.246707,  1.352647]],
       grad_fn=<ViewBackward0>)
maya.
tensor([[-0.235276, -0.096613,  0.389382, -0.314090, -0.410532, -0.136446,
          0.356242, -0.568180,  0.526101, -0.320675, -0.235276, -0.096613,
          0.389382, -0.314090, -0.410532, -0.136446,  0.356242, -0.568180,
          0.526101, -0.320675, -0.235276, -0.096613,  0.389382, -0.314090,
         -0.410532, -0.136446,  0.356242, -0.568180,  0.526101, -0.320675]],
       grad_fn=<ViewBackward0>)
tensor([[-0.235276, -0.096613,  0.389382, -0.314090, -0.410532, -0.136446,
          0.356242, -0.568180,  0.526101, -0.320675, -0.235276, -0.096613,
          0.389382, -0.314090, -0.410532, -0.136446,  0.356242, -0.568180,
          0.526101, -0.320675, -0.522566,  1.190556,  0.707620,  1.605771,
         -1.025877,  0.977334, -2.152267, -0.724798, -0.321060, -0.356881]],
       grad_fn=<ViewBackward0>)
tensor([[-0.235276, -0.096613,  0.389382, -0.314090, -0.410532, -0.136446,
          0.356242, -0.568180,  0.526101, -0.320675, -0.522566,  1.190556,
          0.707620,  1.605771, -1.025877,  0.977334, -2.152267, -0.724798,
         -0.321060, -0.356881, -0.386669, -0.561902,  0.463727, -0.115628,
         -0.126491, -1.000322, -1.184640,  1.515491,  0.457201,  1.577174]],
       grad_fn=<ViewBackward0>)
tensor([[-0.522566,  1.190556,  0.707620,  1.605771, -1.025877,  0.977334,
         -2.152267, -0.724798, -0.321060, -0.356881, -0.386669, -0.561902,
          0.463727, -0.115628, -0.126491, -1.000322, -1.184640,  1.515491,
          0.457201,  1.577174,  0.342678,  1.202848, -2.478642, -1.785386,
          0.397637,  0.478526,  0.297225,  0.352993,  0.452369, -0.014052]],
       grad_fn=<ViewBackward0>)
tensor([[-0.386669, -0.561902,  0.463727, -0.115628, -0.126491, -1.000322,
         -1.184640,  1.515491,  0.457201,  1.577174,  0.342678,  1.202848,
         -2.478642, -1.785386,  0.397637,  0.478526,  0.297225,  0.352993,
          0.452369, -0.014052,  0.342678,  1.202848, -2.478642, -1.785386,
          0.397637,  0.478526,  0.297225,  0.352993,  0.452369, -0.014052]],
       grad_fn=<ViewBackward0>)
tensor([[ 0.342678,  1.202848, -2.478642, -1.785386,  0.397637,  0.478526,
          0.297225,  0.352993,  0.452369, -0.014052,  0.342678,  1.202848,
         -2.478642, -1.785386,  0.397637,  0.478526,  0.297225,  0.352993,
          0.452369, -0.014052,  0.235681, -0.033089,  0.430211,  0.010818,
          1.331161,  1.236672, -0.702538, -0.751374,  0.246707,  1.352647]],
       grad_fn=<ViewBackward0>) 
